u120_00 150 120 48
  ff 51(572)
u120_01 150 120 49
  ff 52(595)
u120_02 150 120 46
  ff 48(406)
u120_03 150 120 49
  ff 52(515)
u120_04 150 120 50
  ff 52(446)
u120_05 150 120 48
  ff 53(828)
u120_06 150 120 48
  ff 52(663)
u120_07 150 120 49
  ff 53(655)
u120_08 150 120 51
  ff 54(622)
u120_09 150 120 46
  ff 49(480)
u120_10 150 120 52
  ff 56(720)
u120_11 150 120 49
  ff 52(553)
u120_12 150 120 48
  ff 52(620)
u120_13 150 120 49
  ff 51(448)
u120_14 150 120 50
  ff 54(727)
u120_15 150 120 48
  ff 53(848)
u120_16 150 120 52
  ff 56(712)
u120_17 150 120 52
  ff 56(697)
u120_18 150 120 49
  ff 52(545)
u120_19 150 120 50
  ff 52(478)
